 Medical Unit:[23.550325517331657, 23.55025445394483, 23.550099491213913, 23.550140023575636, 23.549955086619107, 23.55000976625969, 23.550325517331657]:[87.29033399675075, 87.29062938635309, 87.2905854511447, 87.29044747292221, 87.29036625536389, 87.29018909205456, 87.29033399675075]
 Re Model School:[23.551209163207375, 23.551203969051898, 23.551400311168393, 23.55142121457949, 23.551209163207375]:[87.29144241390122, 87.2918730063667, 87.29187997377164, 87.29142676733068, 87.29144241390122]
 White House:[23.547416372458656, 23.54735565663178, 23.547044952874387, 23.54710110645665, 23.547416372458656]:[87.29251305583921, 87.29263599689011, 87.29242283675694, 87.29231857269986, 87.29251305583921]
  Maths Department:[23.547416372458656, 23.54735565663178, 23.547044952874387, 23.54710110645665, 23.547416372458656]:[87.29251305583921, 87.29263599689011, 87.29242283675694, 87.29231857269986, 87.29251305583921]
 Nescafe:[23.548236316891476]:[87.2922871150788]
 Hall 10:[23.549603473359937, 23.549401507188847, 23.549688224388277, 23.549924816984287, 23.549603473359937]:[87.29356841090646, 87.29398152824297, 87.29412981489668, 87.29372680888218, 87.29356841090646]
  Mother Teresa Hall of Residence:[23.549603473359937, 23.549401507188847, 23.549688224388277, 23.549924816984287, 23.549603473359937]:[87.29356841090646, 87.29398152824297, 87.29412981489668, 87.29372680888218, 87.29356841090646]
 Hall 12:[23.546168590835265, 23.545644352464535, 23.545952492163224, 23.546441514465783, 23.546168590835265]:[87.28884306694852, 87.28975712310978, 87.28999039068663, 87.28903382531394, 87.28884306694852]
  foreigners Hostel:[23.546168590835265, 23.545644352464535, 23.545952492163224, 23.546441514465783, 23.546168590835265]:[87.28884306694852, 87.28975712310978, 87.28999039068663, 87.28903382531394, 87.28884306694852]
 Nit main gate:[23.546490383325377, 23.54647114394453, 23.54656940760499, 23.546585493840254, 23.546490383325377]:[87.29252110161019, 87.29257268806236, 87.29263829046067, 87.29259415906017, 87.29252110161019]
 Faculty club:[23.550814769159217, 23.5508311401516, 23.55074285271195, 23.550728644748276, 23.550814769159217]:[87.29046143427206, 87.29062522882691, 87.29064646832603, 87.29049670297263, 87.29046143427206]
 Hall 6:[23.5485598146592, 23.54842561865543, 23.548641106907624, 23.548813752784767, 23.5485598146592]:[87.28858012799355, 87.28958392470258, 87.28960563543808, 87.28855364703611, 87.28858012799355]
  Aurobindo Hall of Residence:[23.5485598146592, 23.54842561865543, 23.548641106907624, 23.548813752784767, 23.5485598146592]:[87.28858012799355, 87.28958392470258, 87.28960563543808, 87.28855364703611, 87.28858012799355]
 Hall 5:[23.54551540633784, 23.545833027549406, 23.546624331779455, 23.546477579643238, 23.546220817022345, 23.54551540633784]:[87.28755612976283, 87.28838287294695, 87.28824211991514, 87.28748273040515, 87.2872954554482, 87.28755612976283]
  Vivekananda Hall of Residence:[23.54551540633784, 23.545833027549406, 23.546624331779455, 23.546477579643238, 23.546220817022345, 23.54551540633784]:[87.28755612976283, 87.28838287294695, 87.28824211991514, 87.28748273040515, 87.2872954554482, 87.28755612976283]
 Hall 3:[23.544923602690005, 23.545156773035075, 23.545446855685043, 23.54560925153544, 23.545529113118747, 23.545191169879487, 23.544923602690005]:[87.28884441061405, 87.28968481237712, 87.28916443499747, 87.28888677135865, 87.28848136671945, 87.28833268108906, 87.28884441061405]
  Tagore Hall of Residence:[23.544923602690005, 23.545156773035075, 23.545446855685043, 23.54560925153544, 23.545529113118747, 23.545191169879487, 23.544923602690005]:[87.28884441061405, 87.28968481237712, 87.28916443499747, 87.28888677135865, 87.28848136671945, 87.28833268108906, 87.28884441061405]
 Lord's Ground:[23.545776695759713, 23.546572197531688, 23.547141375985746, 23.546489302777175, 23.545776695759713]:[87.29163854315561, 87.2921962713068, 87.29110583736633, 87.2905915134113, 87.29163854315561]
 CSE department:[23.548941787855995, 23.548942938428155, 23.548794666080013, 23.548809569644064, 23.548941787855995]:[87.2926335232371, 87.29298881834438, 87.29301575344971, 87.29263514303375, 87.2926335232371]
 Hall 11:[23.54450791979602, 23.544951063023007, 23.544639283591707, 23.544131706086603, 23.54450791979602]:[87.28833563784178, 87.2886233700583, 87.28931079744984, 87.28900989747956, 87.28833563784178]
  Meghnad Saha Hall of Residence:[23.54450791979602, 23.544951063023007, 23.544639283591707, 23.544131706086603, 23.54450791979602]:[87.28833563784178, 87.2886233700583, 87.28931079744984, 87.28900989747956, 87.28833563784178]
 Director's Bungalow:[23.55045520090863, 23.550741887650105, 23.550454878445493, 23.550163584882327, 23.55045520090863]:[87.29452090945483, 87.29401517518716, 87.2938641972047, 87.29430880251368, 87.29452090945483]
 Roy Restaurant:[23.55299581669844, 23.552988851394744, 23.552915226816154, 23.552925639973196, 23.55299581669844]:[87.2910008628404, 87.29112115129396, 87.2911355656961, 87.29101228160164, 87.2910008628404]
 Cafeteria:[23.54628456897224, 23.546213492631196, 23.546082942793603, 23.546182328552675, 23.54628456897224]:[87.28861594335012, 87.2887577078161, 87.28869397045071, 87.28854083774809, 87.28861594335012]
 Old Guest House:[23.550195303905994, 23.54986046314967, 23.54970714938814, 23.55001729370855, 23.550195303905994]:[87.29474634627377, 87.2944864823553, 87.29476261331058, 87.29500102022314, 87.29474634627377]
 Autostand:[23.546349431999104, 23.546319930145913, 23.546201323969058, 23.54624853679033, 23.546349431999104]:[87.29266090785495, 87.29272748674089, 87.29263460189259, 87.29257954384911, 87.29266090785495]
 Canera bank:[23.547057910079005]:[87.29232407980953]
 SBI atm:[23.546604627506326]:[87.29265309034531]
 Children Park:[23.550680022148526, 23.550707611326885, 23.550521780778027, 23.55052967683872, 23.550680022148526]:[87.29050956521144, 87.29070950902462, 87.29075184396913, 87.29052343731234, 87.29050956521144]
 Biotech Department:[23.54900094045486, 23.54897863295045, 23.548700784794562, 23.5487430542329, 23.54900094045486]:[87.29170230121042, 87.29206746355862, 87.29206499157146, 87.29170118056845, 87.29170230121042]
 New Administrive Block:[23.546995013184116, 23.546858492173, 23.547513751052705, 23.547669354995975, 23.546995013184116]:[87.29259786112266, 87.29289493822625, 87.29330193671126, 87.29302160872567, 87.29259786112266]
 Hall 2:[23.54716340116771, 23.547296292616096, 23.547534212360063, 23.547967827539296, 23.54828770858812, 23.548009870448922, 23.547384303641522, 23.54716340116771]:[87.28846020345873, 87.28899612764928, 87.28900389620435, 87.28926814161468, 87.28906408613693, 87.28840084668593, 87.28816217196504, 87.28846020345873]
  JC Bose Hall of Residence:[23.54716340116771, 23.547296292616096, 23.547534212360063, 23.547967827539296, 23.54828770858812, 23.548009870448922, 23.547384303641522, 23.54716340116771]:[87.28846020345873, 87.28899612764928, 87.28900389620435, 87.28926814161468, 87.28906408613693, 87.28840084668593, 87.28816217196504, 87.28846020345873]
 Academic Block:[23.54788879940196, 23.547885618195423, 23.54861349476856, 23.548659244019518, 23.549065629453338, 23.549045965324794, 23.549241572527137, 23.549296525200134, 23.54788879940196]:[87.29094962410682, 87.29205688728018, 87.292094965454, 87.29155740279248, 87.29155755063175, 87.29206170315285, 87.29206614001544, 87.29091240776233, 87.29094962410682]
 New Guest House:[23.5507018823276, 23.550459615525114, 23.55057082449582, 23.550820466574933, 23.5507018823276]:[87.29507800401666, 87.29523762151916, 87.29547152595114, 87.29532930982168, 87.29507800401666]
 Chemistry department:[23.548685968952228, 23.548691172772763, 23.54853271582361, 23.548531161078643, 23.548685968952228]:[87.29261947499981, 87.29293611280525, 87.29295428943021, 87.29264297262966, 87.29261947499981]
 Hall 4:[23.54485604172872, 23.54512617963043, 23.54558591549305, 23.545678854142054, 23.545622634810215, 23.54527252929317, 23.54485604172872]:[87.28982125531616, 87.290676038823, 87.29073746053291, 87.29033920821144, 87.28996758911694, 87.28974653472847, 87.28982125531616]
  CV Raman Hall of Residence:[23.54485604172872, 23.54512617963043, 23.54558591549305, 23.545678854142054, 23.545622634810215, 23.54527252929317, 23.54485604172872]:[87.28982125531616, 87.290676038823, 87.29073746053291, 87.29033920821144, 87.28996758911694, 87.28974653472847, 87.28982125531616]
 ECE department:[23.54898966161484, 23.549005840176747, 23.549164948421108, 23.54918775727073, 23.54898966161484]:[87.29229333469448, 87.2928375923334, 87.2928450474435, 87.29230826504431, 87.29229333469448]
 Registrar's Residence:[23.551387852075905, 23.551216824464348, 23.55139480400497, 23.551541426466116, 23.551387852075905]:[87.29435502626575, 87.29460913464709, 87.2947135835343, 87.29447671571097, 87.29435502626575]
 Auditorium:[23.547599485641058, 23.547413259363623, 23.54696450484242, 23.547219148460698, 23.547599485641058]:[87.29205223282725, 87.29240754505508, 87.29212624721583, 87.29178557548892, 87.29205223282725]
 Hall 9:[23.543778326086723, 23.54392650198031, 23.54467262382829, 23.5445093660029, 23.543778326086723]:[87.2897738830369, 87.29030345591696, 87.29005562156817, 87.28949078155074, 87.2897738830369]
  Satyendra Nath Hall of Residence:[23.543778326086723, 23.54392650198031, 23.54467262382829, 23.5445093660029, 23.543778326086723]:[87.2897738830369, 87.29030345591696, 87.29005562156817, 87.28949078155074, 87.2897738830369]
 Hall 7:[23.550506541422465, 23.55056373898644, 23.551074805175205, 23.551081945154166, 23.550506541422465]:[87.2930302000276, 87.29338765782063, 87.29337973760175, 87.2930323361976, 87.2930302000276]
  Sister Nivedita Hall of Residence:[23.550506541422465, 23.55056373898644, 23.551074805175205, 23.551081945154166, 23.550506541422465]:[87.2930302000276, 87.29338765782063, 87.29337973760175, 87.2930323361976, 87.2930302000276]
 Hall 8 :[23.5499213687431, 23.549744821741513, 23.5501198213625, 23.55034188834587, 23.5499213687431]:[87.29305496366919, 87.29346477710874, 87.29369732587986, 87.29326203342691, 87.29305496366919]
  preetilata Hall of Residence:[23.5499213687431, 23.549744821741513, 23.5501198213625, 23.55034188834587, 23.5499213687431]:[87.29305496366919, 87.29346477710874, 87.29369732587986, 87.29326203342691, 87.29305496366919]
 Hall 1:[23.546695910028305, 23.546774982646895, 23.547017549929194, 23.547424866638735, 23.5477722691043, 23.54745460641331, 23.546848802213788, 23.546695910028305]:[87.28949315782279, 87.28988617277116, 87.2899478298641, 87.29025364742188, 87.28995648695457, 87.2892313422467, 87.2890936422641, 87.28949315782279]
  Netaji Subhas Chandra Hall of Residence:[23.546695910028305, 23.546774982646895, 23.547017549929194, 23.547424866638735, 23.5477722691043, 23.54745460641331, 23.546848802213788, 23.546695910028305]:[87.28949315782279, 87.28988617277116, 87.2899478298641, 87.29025364742188, 87.28995648695457, 87.2892313422467, 87.2890936422641, 87.28949315782279]
 New Academic Block:[23.548119974001168, 23.547846599404608, 23.54839110668901, 23.54862791891513, 23.548119974001168]:[87.29308448233292, 87.29352645564427, 87.29390561744628, 87.29346621475986, 87.29308448233292]
 Wonder Cafe:[23.54918595533462, 23.549192562869138, 23.549318106676523, 23.54932207121145, 23.54918595533462]:[87.29096878250652, 87.29120087556703, 87.29121384971563, 87.29102356219732, 87.29096878250652]
 Techno Shop:[23.547157371203596, 23.54719394859694, 23.547135477924584, 23.547097149731712, 23.547157371203596]:[87.28870850496696, 87.28879710851629, 87.28883312819835, 87.28874147972158, 87.28870850496696]
 Library:[23.54784767769449, 23.547831142033658, 23.548131062907046, 23.54815753685655, 23.54784767769449]:[87.2923681509767, 87.29282532704599, 87.29277603684136, 87.29243993553428, 87.2923681509767]
 Food stall:[23.54631587260286, 23.546285264436122, 23.546175296784938, 23.546232223843006, 23.54631587260286]:[87.29293993032104, 87.29299113673437, 87.2929356918637, 87.29287568520203, 87.29293993032104]
 Durga Mandir:[23.552085237181885, 23.552084020892025, 23.551929420569053, 23.551938823983463, 23.552085237181885]:[87.29067942306301, 87.29083986232195, 87.29084069902217, 87.29068083283914, 87.29067942306301]
 Duck pond:[23.55283049252418, 23.552411042757726, 23.55220918777988, 23.552514371840246, 23.55283049252418]:[87.29324744151381, 87.2939860666429, 87.29378649461387, 87.2930550229114, 87.29324744151381]
