0.0 C M1 0 2 89 23.541226 87.230026 20170330015215 Shelter
0.0 C M2 0 1 61 23.539296 87.229315 20170329205415 Health
0.0 C M3 0 2 70 23.539960 87.231377 20170329220449 Shelter
0.0 C M4 0 3 59 23.539654 87.229995 20170329233657 Health
0.0 C M5 2 1 70 23.540192 87.229168 20170329203742 Health
0.0 C M6 1 3 99 23.540775 87.230478 20170329213748 Shelter
0.0 C M7 3 1 62 23.540564 87.230176 20170330022030 Shelter
0.0 C M8 0 2 94 23.538761 87.228841 20170329185833 Victim
0.0 C M9 3 1 63 23.538947 87.229539 20170329181630 Food
0.0 C M10 2 1 81 23.539836 87.230191 20170329213212 Victim
0.0 C M11 1 2 60 23.539360 87.228676 20170329231247 Victim
0.0 C M12 3 1 83 23.538607 87.229180 20170329233744 Victim
0.0 C M13 2 3 95 23.538578 87.231353 20170329192625 Health
0.0 C M14 3 2 99 23.539767 87.229807 20170329225905 Food
0.0 C M15 0 3 77 23.538363 87.229557 20170330021535 Victim
0.0 C M16 0 1 74 23.539765 87.230902 20170329193830 Health
0.0 C M17 2 3 79 23.540464 87.229452 20170330010304 Shelter
0.0 C M18 3 2 84 23.540021 87.231095 20170330025727 Shelter
0.0 C M19 2 3 64 23.541024 87.231397 20170329213342 Food
0.0 C M20 2 1 100 23.540236 87.230133 20170330010113 Food
0.0 C M21 0 3 59 23.539817 87.230835 20170329181006 Victim
0.0 C M22 0 1 76 23.539680 87.230906 20170329171259 Victim
0.0 C M23 0 2 71 23.539519 87.230269 20170330000412 Shelter
0.0 C M24 1 2 99 23.540038 87.229015 20170329222534 Health
0.0 C M25 0 3 94 23.541169 87.228676 20170330010018 Victim
0.0 C M26 1 3 82 23.539263 87.230810 20170329192309 Shelter
0.0 C M27 0 1 69 23.538311 87.229726 20170330021143 Food
0.0 C M28 1 2 75 23.539532 87.228703 20170330021410 Health
0.0 C M29 2 3 75 23.541397 87.230746 20170329230800 Shelter
0.0 C M30 0 2 53 23.541440 87.229964 20170329233133 Shelter
0.0 C M31 3 2 51 23.539413 87.230900 20170330002913 Victim
0.0 C M32 2 3 64 23.540461 87.229268 20170330020149 Food
0.0 C M33 3 1 83 23.541112 87.230286 20170330021414 Victim
0.0 C M34 1 3 87 23.540818 87.231832 20170330005313 Victim
0.0 C M35 1 3 92 23.540470 87.230871 20170329192334 Shelter
0.0 C M36 2 3 83 23.539886 87.231420 20170329205717 Victim
0.0 C M37 0 2 59 23.541288 87.230433 20170329201803 Health
0.0 C M38 1 3 58 23.541081 87.229864 20170329224949 Shelter
0.0 C M39 0 2 80 23.540753 87.229219 20170329233424 Food
0.0 C M40 2 3 95 23.541388 87.229844 20170329185145 Victim
0.0 C M41 2 1 85 23.538943 87.231080 20170330013603 Shelter
0.0 C M42 1 2 80 23.538389 87.228466 20170330023750 Victim
0.0 C M43 0 2 80 23.539123 87.230306 20170330030755 Food
0.0 C M44 0 1 78 23.538500 87.231128 20170329225721 Shelter
0.0 C M45 0 1 57 23.539560 87.229898 20170329201043 Food
0.0 C M46 0 1 98 23.539244 87.230185 20170329213304 Shelter
0.0 C M47 1 3 51 23.538911 87.230036 20170329200816 Shelter
0.0 C M48 3 2 88 23.540727 87.229531 20170329215108 Health
0.0 C M49 1 3 96 23.538631 87.228815 20170329225037 Shelter
0.0 C M50 3 2 90 23.538372 87.230330 20170330020605 Shelter
